Exon	Start	Stop
	 101488764 	 101489912
	 101491859 	 101491919
	 101492181 	 101492254
	 101493552 	 101493606
	 101497934 	 101498014
	 101501992 	 101502032
	 101502481 	 101502558
	 101505317 	 101505404
	 101507950 	 101508230
	 101509921 	 101510099
	 101512720 	 101512849
	 101517271 	 101517442
	 101522432 	 101522502
	 101523325 	 101526639
	 101528001 	 101528077
	 101529791 	 101529836
	 101530992 	 101531094
	 101532020 	 101532159
	 101533939 	 101534027
	 101535528 	 101535605
	 101539981 	 101540034
	 101549015 	 101549113
	 101551769 	 101551879
