Exon	Kidney	Blood	Brain	Limb	Lung

1	0.0	0.03669748337833362	0.0	0.04072897036999989	0.07056566673352764
2	0.0	0.0	0.0	0.0	0.07056566673352764
3	0.0	0.0	0.0	0.0	0.0
4	0.0	0.0	0.0	0.0	0.0
5	0.0	0.0	0.0	0.04072897036999989	0.0
6	0.0	0.0	0.02692224564696902	0.04072897036999989	0.0
7	0.0	0.0	0.0	0.0	0.0
8	0.0	0.0	0.0	0.0	0.03528283336676382
9	0.4977420244151173	0.0	0.21537796517575217	0.0	0.6703738339685126
10	0.0933266295778345	0.3302773504050026	0.10768898258787608	0.12218691110999966	0.24697983356734673
11	0.0	0.0	0.0	0.0	0.14113133346705528
12	0.03110887652594483	0.0	0.02692224564696902	0.12218691110999966	0.0
13	0.03110887652594483	0.0	0.0	0.0	0.0
14	0.0	0.0	0.0	0.0	0.0
15	0.0	0.0	0.0	0.04072897036999989	0.03528283336676382
16	0.0	0.0	0.0	0.0	0.0
17	0.0	0.0	0.0	0.0	0.0
18	0.0	0.03669748337833362	0.0	0.0	0.0
19	0.0	0.0	0.0	0.04072897036999989	0.03528283336676382
20	0.4044153948372828	0.11009245013500087	0.08076673694090707	0.04072897036999989	0.03528283336676382
21	0.6532864070448414	0.6605547008100052	0.10768898258787608	0.04072897036999989	0.07056566673352764
22	0.12443550610377932	0.18348741689166811	0.02692224564696902	0.04072897036999989	0.0
23	3.9819361953209382	4.4036980054000345	1.0499675802317918	51.56287648841985	51.16010838180754
